15
36
49
62
87
123
151
154
159
166
172
175
179
228
287
334
398
439
775
781
785
786
795
808
1503
1527
1533
1558
1584
1682
3676
3677
3682
3684
3689
3697
3700
3702
3707
3708
3712
3713
3721
3723
3725
3726
3735
3743
3746
3747
3755
3774
3777
3779
3796
3824
3842
3847
3867
3870
3878
3887
3890
3895
3899
3908
3910
3917
3918
3922
3924
3950
3963
3964
3993
3994
3995
4000
4003
4013
4019
4046
4047
4053
4060
4070
4086
4108
4114
4122
4129
4149
4152
4156
4158
4176
4177
4180
4182
4197
4221
4222
4239
4252
4283
4287
4289
4303
4342
4347
4364
4365
4367
4375
4383
4386
4402
4419
4422
4427
4435
4437
4449
4450
4459
4461
4484
4494
4497
4518
4519
4525
4526
4527
4540
4553
4559
4568
4585
4591
4594
4601
4602
4609
4615
4616
4618
4621
4623
4629
4634
4657
4672
4673
4674
4677
4713
4719
4720
4722
4725
4726
4736
4742
4748
4757
4775
4784
4785
4797
4803
4808
4812
4814
4815
4816
4817
4819
4821
4822
4824
4828
4829
4831
4842
4853
4857
4859
4861
4864
4866
4867
4869
4871
4872
4879
4882
4884
4896
4969
5044
5057
5083
5085
5089
5096
5102
5125
5126
5128
5129
5133
5134
5135
5136
5137
5138
5139
5140
5142
5143
5146
5147
5149
5152
5160
5164
5179
5183
5184
5185
5198
5199
5201
5215
5230
5249
5319
5344
5488
5496
5499
5506
5507
5509
5515
5520
5524
5525
5529
5540
5544
5549
5576
5578
5615
5622
5634
5635
5655
5663
5664
5665
5666
5667
5669
5672
5673
5674
5694
5730
5737
5739
5740
5746
5759
5760
5761
5764
5773
5833
5840
5856
5874
5875
5958
5960
5961
5971
5975
5989
6006
6013
6032
6044
6066
6071
6072
6090
6094
6096
6098
6099
6100
6108
6118
6139
6164
6166
6177
6182
6207
6259
6260
6265
6268
6270
6275
6278
6281
6289
6298
6303
6310
6313
6333
6334
6338
6350
6351
6352
6354
6355
6364
6366
6367
6370
6379
6383
6396
6397
6412
6413
6414
6415
6418
6420
6421
6422
6423
6424
6425
6427
6428
6430
6434
6435
6437
6457
6464
6468
6470
6471
6508
6510
6511
6512
6520
6527
6535
6537
6541
6544
6546
6561
6562
6569
6573
6596
6605
6614
6629
6631
6633
6644
6662
6665
6691
6694
6703
6725
6729
6730
6754
6779
6796
6801
6807
6810
6813
6817
6826
6869
6879
6887
6915
6916
6940
6950
6952
6954
6955
6979
7004
7010
7017
7018
7049
7050
7067
7096
7130
7154
7155
7160
7165
7166
7186
7217
7218
7223
7242
7268
7275
7283
7517
7585
7586
7595
7596
7608
7617
7618
7620
8009
8026
8033
8047
8076
8080
8083
8092
8094
8119
8138
8152
8159
8168
8199
8200
8218
8234
8235
8236
8237
8247
8255
8270
8283
8287
8289
8299
8312
8316
8408
8410
8415
8430
8442
8462
8483
8553
8601
8649
8654
8705
8783
8889
8890
8898
8943
9055
9058
9086
9107
9116
9186
9190
9253
9258
9331
9348
9374
9396
9405
9435
9448
9611
9755
15031
15035
15074
15078
15485
15629
15671
15889
15923
15935
15937
15986
16020
16021
16042
16043
16049
16070
16071
16149
16155
16165
16251
16272
16301
16310
16311
16407
16433
16439
16459
16469
16481
16491
16524
16563
16567
16568
16573
16597
16608
16614
16615
16616
16624
16627
16702
16706
16740
16742
16743
16763
16769
16772
16773
16779
16787
16788
16791
16798
16810
16812
16813
16818
16847
16849
16853
16866
16874
16876
16884
16886
16887
16986
16992
16998
17111
17127
18024
18106
18298
18445
18990
19201
19229
19307
19343
19642
19787
19825
19870
19871
19898
19953
20027
20037
30001
30036
30060
30097
30141
30154
30170
30178
30193
30216
30234
30238
30246
30272
30286
30337
30345
30354
30414
30429
30492
30500
30528
30529
30550
30677
30682
30688
30693
30704
30880
30976
30983
31012
31072
31119
31177
31418
31419
31424
32040
33014
35023
35091
40007
42157
42162
42254
42381
42475
42578
42627
42742
42811
42981
43039
43065
43169
43176
43189
43565
43626
43687
44237
44262
44267
45252
45254
45329
45449
45454
45596
45735
45900
45941
45980
46008
46168
46660
46839
46849
46872
46912
46914
46933
46961
46983
48037
48278
48500
50353
50660
50662
50819
50821
50832
50897
51056
51082
51090
51183
51246
51276
51287
51536
51537
51539
