156889
1148
255470
64471
243164
197221
203124
1140
103690
292459
387662
374463
413404
251221
240292
296591
292414
290400
62928
59920
232721
266779
60480
62977
326442
318586
342610
266835
265072
243233
290633
257310
257311
257313
312309
233412
360095
283165
323097
323098
228410
335283
222891
349124
269796
323848
278197
279808
243230
279010
235909
272562
212717
386415
272621
387344
324831
272626
386043
233150
243273
272634
272635
262723
267748
265311
243274
375451
272633
167879
204722
218491
257314
292415
266265
283166
317025
326298
314225
279238
295319
318167
393595
326297
224324
319795
211586
394221
66692
228405
342108
203122
272558
246200
317655
273068
266264
246194
283942
167539
190650
221988
290398
349521
221109
318161
338969
365044
159087
243090
384676
335284
259536
187272
357804
391735
391165
243275
359391
262724
267608
242231
300268
300269
223926
196600
205914
234826
323261
203123
176279
210007
226185
321967
224914
138119
298386
335992
224911
300267
273123
273036
264199
220668
262719
264198
119857
99287
227377
272943
36870
195102
258594
160492
59919
343509
243160
170187
187410
297245
71421
269483
169963
83333
204669
163164
338963
224326
243276
382638
401614
339670
316273
122586
243365
226186
242619
273121
269484
212042
264462
269798
194439
264732
269799
290434
338966
363253
235279
203120
243231
262698
273119
340047
267671
272843
189518
122587
190304
362948
292805
397945
218497
264202
227941
243161
177439
272624
190486
198804
262768
420662
107806
335543
264203
224308
272831
224915
243265
309807
342451
380703
314315
208435
211110
322098
372461
286636
186103
56780
319701
234267
205921
264201
335541
373384
370552
370554
411154
190485
254945
272561
272559
205920
272622
272623
321956
367928
390236
198214
271848
386585
177416
160490
193567
355276
370551
195099
207559
347834
342109
85962
393011
266834
115711
331271
206672
160488
208963
176299
93061
272560
205922
198094
222523
412694
196162
106370
101510
164756
290399
246197
223283
216596
243277
272947
257363
319225
257309
267747
272631
246196
362242
326424
100226
269800
351607
360106
227882
247156
306537
315456
290340
272632
266117
350058
321314
196164
290397
281309
340177
290317
196627
203267
882
336407
209261
272944
192222
203907
264730
205918
281090
291272
233413
243243
83331
262316
410289
84588
269084
76114
59922
60481
300852
216895
176280
299768
262722
381666
195103
316055
183190
320388
171101
214092
297246
281310
265669
155864
314565
302409
315277
295405
390333
198215
393115
293653
198466
355277
370553
85963
115713
331272
208964
93062
320372
220664
260799
226900
189918
218496
391774
220341
354242
83332
110662
74546
94122
322159
295358
289380
316056
373153
229193
199310
357544
138677
158878
261594
288681
316279
74547
351745
316057
360102
362663
182082
158879
321327
