15
36
49
59
75
145
151
154
156
160
166
179
226
228
272
287
398
774
775
785
786
808
922
1522
1682
3676
3677
3682
3684
3697
3700
3702
3711
3721
3723
3725
3735
3743
3746
3747
3755
3777
3779
3796
3824
3855
3856
3866
3870
3887
3890
3895
3899
3905
3908
3910
3918
3924
3942
3963
3964
3984
3991
3993
4003
4045
4047
4053
4057
4067
4072
4086
4109
4148
4149
4152
4158
4160
4176
4185
4190
4194
4197
4221
4222
4252
4289
4326
4339
4347
4349
4356
4358
4365
4367
4371
4379
4386
4427
4428
4437
4450
4452
4455
4476
4484
4496
4497
4512
4518
4519
4525
4526
4527
4540
4550
4553
4555
4568
4571
4591
4601
4602
4615
4620
4634
4642
4650
4651
4652
4657
4672
4674
4713
4721
4725
4736
4742
4750
4764
4765
4784
4785
4806
4807
4812
4813
4815
4816
4818
4822
4823
4824
4825
4826
4828
4829
4830
4831
4842
4844
4853
4857
4871
5094
5198
5199
5215
5488
5506
5507
5509
5515
5524
5525
5576
5618
5622
5634
5643
5665
5666
5667
5669
5672
5674
5680
5681
5694
5730
5732
5737
5739
5759
5760
5761
5815
5840
5874
5875
5958
5975
5976
5991
5993
6006
6021
6032
6066
6071
6072
6084
6090
6094
6096
6098
6099
6118
6139
6183
6189
6207
6222
6228
6241
6259
6260
6265
6270
6275
6278
6281
6284
6289
6298
6303
6306
6308
6310
6314
6333
6334
6338
6350
6351
6352
6354
6355
6364
6366
6367
6370
6383
6396
6397
6400
6412
6413
6414
6415
6418
6419
6421
6422
6424
6428
6429
6430
6431
6432
6434
6435
6436
6437
6457
6461
6464
6468
6470
6499
6508
6510
6511
6512
6520
6526
6527
6528
6537
6541
6546
6561
6562
6606
6614
6629
6633
6725
6754
6779
6796
6801
6807
6810
6886
6888
6904
6913
6916
6955
6974
6979
7017
7018
7049
7059
7067
7131
7154
7155
7165
7242
7264
8017
8026
8033
8080
8081
8094
8134
8152
8159
8168
8170
8173
8202
8219
8233
8235
8236
8237
8270
8283
8299
8312
8380
8415
8534
8553
8565
8641
8649
8652
8654
8810
8943
9055
9058
9060
9073
9082
9107
9116
9253
9279
9331
9374
9395
9396
9405
9435
9451
10181
15031
15035
15078
15934
15935
15986
16020
16021
16043
16052
16070
16071
16149
16192
16209
16226
16251
16272
16301
16310
16311
16439
16469
16491
16563
16567
16597
16598
16614
16616
16620
16624
16740
16765
16769
16773
16779
16787
16788
16791
16813
16818
16829
16831
16847
16853
16868
16874
16876
16887
16986
16992
16998
17048
17057
17111
17148
19307
19787
19843
19882
20037
30001
30036
30071
30127
30130
30132
30170
30246
30248
30286
30337
30528
30529
30688
30880
30976
30983
31072
31119
31123
31177
32040
33014
35091
42176
42254
42546
42802
42803
43039
43086
43161
43169
43189
43234
43254
43565
43626
43631
43687
44237
44267
45252
45254
45449
45454
45493
45941
45980
46168
46559
46839
46872
46873
46907
46933
46961
46983
48037
48478
48500
50660
50662
51082
51087
51090
51246
51258
51276
51287
51536
51537
51539
