15
36
103
105
156
160
166
228
287
786
808
1584
3676
3677
3684
3700
3723
3725
3735
3743
3755
3779
3824
3849
3862
3866
3868
3878
3887
3899
3924
3949
3950
3989
3993
3995
3999
4017
4019
4044
4047
4072
4084
4089
4106
4107
4108
4112
4124
4134
4148
4176
4185
4197
4221
4222
4252
4289
4315
4316
4325
4333
4347
4362
4363
4372
4375
4386
4399
4412
4427
4449
4450
4455
4512
4518
4519
4525
4527
4550
4553
4556
4568
4585
4601
4602
4611
4612
4617
4619
4634
4637
4644
4645
4647
4650
4655
4657
4719
4721
4729
4735
4746
4750
4764
4765
4768
4775
4784
4794
4795
4812
4824
4853
4857
4866
4867
4872
5198
5199
5488
5506
5507
5509
5515
5524
5525
5529
5578
5622
5634
5665
5667
5737
5739
5783
5840
5874
5960
5961
5975
5978
6007
6021
6032
6094
6096
6097
6099
6102
6106
6118
6120
6139
6164
6168
6183
6189
6228
6241
6259
6260
6270
6281
6284
6289
6302
6314
6334
6338
6350
6351
6352
6355
6364
6366
6396
6397
6412
6413
6415
6418
6430
6457
6461
6464
6471
6508
6510
6511
6520
6525
6535
6537
6541
6544
6546
6561
6562
6563
6564
6614
6629
6631
6633
6662
6725
6749
6750
6754
6779
6783
6796
6801
6807
6808
6826
6879
6950
6952
6979
7017
7018
7186
8026
8033
8094
8137
8146
8152
8168
8199
8234
8270
8299
8312
8380
8415
8462
8483
8535
8553
8652
8654
8685
8800
8840
8878
8883
8937
8964
9011
9055
9058
9072
9073
9081
9082
9088
9097
9098
9113
9116
9231
9250
9317
9348
9349
9374
9405
9415
9507
9523
9536
9539
9573
9579
9607
9611
9654
9664
9725
9767
10024
15035
15036
15078
15671
15930
15934
15935
15976
15977
15979
15986
15995
15996
16020
16021
16070
16114
16117
16149
16192
16209
16301
16310
16469
16491
16539
16563
16564
16568
16597
16616
16624
16627
16630
16636
16651
16705
16717
16740
16742
16743
16747
16765
16769
16772
16776
16779
16787
16791
16829
16851
16853
16874
16879
16887
16984
16998
17001
17076
17111
17148
18024
19201
19205
19538
19684
19685
19787
19825
19843
19877
19898
20037
30145
30170
30528
30598
30599
30785
31072
31177
32259
33014
42286
42578
42773
42802
43086
43169
43234
43565
43687
44237
44238
44262
44267
45239
45300
45449
45454
45735
45900
45926
46872
46912
46914
46933
46961
46983
47746
48037
48500
50242
50660
50661
50662
50897
51082
51246
51258
51287
51536
51537
51539
